-0.281255564463621
-0.157781233895263
0.270862691517933
-0.0145102751989508
-0.388949150870789
-0.32900322775055
0.0897105754907136
0.115248916288773
0.052325801389192
-0.0327200039561069
0.345946036423354
-0.33124067013759
-0.570117488657465
-0.217383367058334
0.233032123508528
-0.261975043622718
0.0305470373657905
0.281699890260524
-0.429294056316699
-0.282410729061855
0.367779684058993
-0.375112046675211
0.467959975802454
-0.179216940351555
-0.166354378802404
0.0132982616006114
0.162892655140131
0.0678176657111576
-0.388261597523774
0.206572906378556
0.517581455582944
0.184188072610722
0.146586763053781
0.110233762707017
-0.265482040830378
0.0807718593634547
0.138165315333533
-0.0479412365456686
-0.123496134684857
0.489450723063325
0.204056309237238
-0.492684308270879
0.640585408729243
-0.175954453153365
0.120763129066943
0.0275842188751685
-0.153727777944719
0.051943825239909
0.124288930106388
-0.190672488422129
-0.238292279683416
-0.260865769180852
0.15437196218365
-0.237562901077028
-0.10402118250819
-0.0514887321023157
-0.362040113919192
-0.40904606753415
-0.26016468462963
-0.0641793942515996
-0.303265810725393
-0.274233737294271
-0.155185480142412
-0.525964856858001
-0.281950586666823
-0.0572423762867023
-0.0628284198980097
0.0427645177644662
0.244997799133155
-0.249881775629891
-0.534073314885436
-0.365447290415328
-0.0928747956895901
0.435348309675908
-0.10748459237446
-0.0786819223859762
0.300676070390454
0.58470939848337
0.576133930152945
0.305718021671638
0.0138677718544078
0.276178471522302
-0.118258790385033
0.536904899111085
-0.204123590256639
0.213704164896194
-0.242153246515234
-0.549621923678033
0.344279467636049
-0.456835950667866
-0.444475382367147
0.630688356782484
0.151330221445368
0.460615515226874
0.435629376513356
-0.27050721437731
-0.12823300089556
0.1576102896999
-0.0868162364692132
-0.0272662648787722
-0.339270210389879
-0.0861592175989904
-0.628334842980919
-0.0779056775358952
-0.0810997949304586
0.187946798176834
-0.35178024493467
1.06676294056307
0.163414437734497
-0.247907427668627
0.596968573815421
0.176427385155951
-0.0271614545547765
-0.496759927181759
-0.265975906924557
0.228221722606328
0.0815719283117916
-0.287298579943272
-0.0174553188212016
-0.556361789346647
